4908.35729191
3594.79805839
3508.8218066
3475.56130624
3452.90041336
3436.3382963
3424.22394849
3413.10372651
3404.44971164
3398.12419412
3392.67676092
3388.23184643
3384.7198791
3381.22608155
3377.76555291
3374.07246977
3370.46030817
3367.07419056
3363.572382
3359.92822386
3355.94942484
3351.5024524
3346.69435431
3342.09295491
3337.42788927
3332.79421824
3328.29354386
3323.76840975
3319.66055161
3315.95106692
3312.41395041
3308.9484436
3305.46111659
3302.00012004
3298.33847864
3295.09826157
3292.25931656
3289.08286295
3286.14554958
3283.18395335
3279.97515183
3276.63703335
3273.19934163
3270.06445014
3267.31337406
3264.51624464
3262.0854741
3259.6617082
3257.25824031
3255.03181176
3252.80365982
3250.61710968
3248.32333897
3246.06580529
3243.84641533
3241.66318731
3239.67882464
3237.80740982
3236.26722831
3235.0424252
3233.97285785
3232.98657987
3231.89012894
3230.77494423
3229.8098321
3228.77434384
3227.82248628
3226.64865954
3225.28282226
3223.91093542
3222.54177084
3221.26128346
3220.14896461
3219.16807129
3218.25603577
3217.3926043
3216.47639939
3215.62931404
3214.69563811
3213.82543084
3212.9361533
3212.14658132
3211.47677741
3210.73530505
3209.98906968
3209.27780684
3208.7096789
3208.34850544
3208.05338761
3207.67257422
3207.14793164
3206.50977413
3205.87539272
3205.1265615
3204.45756412
3203.87531461
3203.35389637
3202.71695986
3202.09578273
3201.5556498
3201.05205767
3200.73457072
3200.4671627
3200.23830533
3200.09465056
3199.93647884
3199.74040232
3199.42545466
3199.0334402
3198.55620359
3198.09825734
3197.60188757
3197.08966243
3196.505045
3195.89676096
3195.43865108
3195.0548743
3194.6902998
3194.26710053
3193.88151114
3193.63306699
3193.48500067
3193.35368148
3193.2522507
3193.21325992
3193.19201438
3193.15520456
3193.1327201
3193.14107317
