409
201
2584
177
652
216
0
15
44
136
17
9599
1708
5
249
87
336
20
4275
231965
1
624
723
11
3962
470
194
1734
1318
257
738
3195
11
1715
2157
4
22
14
59
2644
1327
218
15
439
1697
497
2049
556
706
848
174
1105
1478
1779
74
165
321
8
3
2864
1233
571
528
679
740
44
8
99
1093
152
33
1062
886
32
1107
1814
528
353
823
57
650
0
265
4772
372
20
80575
3
44
60
30761
3
1230
1083
893
182
538
53
40
1661
645
751
111
5
60
87
884
433
46
9
1597
3
374
31
18
1523
2841
11
1822
4671
32
150
10
4
9
2192
3
4
1007
732
8284
555
3
8
24
1274
7
1096
84
5976
659
413
284
63
91
62
1338
548
29
245
63
120
476
326
705
2
220
18
38
1220
7
720
530
27
1690
62
59
294
673
2513
4
899
44
254
73
11
1033
6432
31
890
996
1047
23
66
7
3501
1392
2298
6286
88
3801
327
261
43
3425
54
502
9920
17
656
1491
342
719
1422
253
310
1650
286
8646
26623
909
32
187
81
13
328
4936
19
1
1326
29
19
657
9
131
143
136
236
309
11
39
15
1528
503
5
5
1
7
30
11194
72
24
1145
264
16
143
5
37
2
410
400
61
94
42
588
309
681
34
131
4
14
1588
380
2495
13
21
2733
724
850
1536
1537
270
285
5719
897
4
168
228
8616
111
666
186
7
1269
732
74
1008
168
3494
2113
7
611
35
1398
10
3602
555
117
1112
51
17
42
378
18
27
3412
571
223
1541
343
7
131
168
746
1878
255
856
426
114
6234
245
511
252
55
103
174
39133
207
115
766
57
1190
1435
180
2
1509
1711
2872
1549
15
1164
82
1895
747
57
468
985
3722
248
23
95
510
4284
601
11201
5
63
84
374
3
7
346
634
160
95
943
480
24
30
14
347
120
111
683
162
2
68
1569
10
1131
1279
795
2091
20
877
119
307
176
190
1334
269
79
86
226
254
2175
42
253
665
2047
946
84
141
3820
3151
6839
232
142
142
1507
95
1218
63
262
177
306
252
1795
1925
617
3042
383
2649
2047
562
154
168
783
491
1123
52
248
1093
477
389
426
535
42
474
266
1
80
1301
12
482
28
1104
229
176
190
2728
157
804
579
422
781
131
1450
2449
162
543
13
927
9
707
326
56
978
430
3
30
41
190
720
1192
237
4553
473
287
197
147
449
2402
179
1290
10
790
120
5167
538
940
110
874
176
156
56
2079
53
130
1505
374
131
54
351
268
339
946
2532
1971
494
735
247
328
163
21113
259
32
1761
1572
670
4462
1263
11907
482
246
324
478
1142
173
557
111
82
487
365
1
310
99
478
2967
377
458
59
1111
841
486
74
0
1
307
271
1325
69
51
312
805
4562
342
134
28
32
442
331
67
24
0
1749
1626
833
52
0
11
433
84
3579
5
99
77
372
216
898
769
1737
17
2049
505
395
82
61
408
29
616
447
80
1276
16
141
214
429
223
2408
216
1488
506
91
989
1965
670
152
796
181
1105
131
674
1531
230
205
144
2159
9
1482
1572
716
